0 castle 1 -1.0
1 wood 64 -1.0
2 workbench 1 -1.0 1 1
3 a 1 -1.0 1 2
4 aa 1 -1.0 1 3
5 aaa 1 -1.0 1 4
6 aaa 1 -1.0 1 5
7 aaaa 1 -1.0 1 6
8 aaaaa 1 -1.0 1 7
9 aaaaaa 1 -1.0 1 8
10 aaaaaa 1 -1.0 1 9
11 aaaaaaa 1 -1.0 1 10
12 aaaaaaaa 1 -1.0 1 11
13 as 1 -1.0 1 12
14 asd 1 -1.0 1 13
15 asda 1 -1.0 1 14
16 sds 1 -1.0 1 15
17 sd 1 -1.0 1 16
18 ds 1 -1.0 1 17
19 sdsf 1 -1.0 1 18
20 f 1 -1.0 1 19
21 w 1 -1.0 1 20
22 r 1 -1.0 1 21
23 we 1 -1.0 1 22
24 qwe 1 -1.0 1 23
25 ewq 1 -1.0 1 24
26 sdasx 1 -1.0 1 25
27 x 1 -1.0 1 26
28 xz 1 -1.0 1 27
29 zx 1 -1.0 1 28
30 y 1 -1.0 1 29